999999999999999999999999999999999999999999999999999999999999999999999999999999999999999999999999999999
998765432346793109434567984334567989987643213579210256899219878998964987999234912976545456798762123479
969876750366789398745679870125678978999755324678923345678909967897899896798959893987432367898651014569
955989831245895987656897654236789567898765435689435656789997653956798765987896789876543459987643136899
943499942356953299767899986346789467899879876797576789893986532345987674596545679987674998998754245689
932989876567954198998964597459891345689989987899687896992197721239876543987534568999899896899865767899
921265987878969987889023498979910134578999999979899945679097652445988756975423467897987645939878978979
910123498989998875678939569995432349679679886567993234598989543556998769893312389966598756912989989569
941234679995987654567898979876543478996598765456789123987678964667899879792103499655459967893996592359
932345989854398785678967891987954567898987654341893299875467899989946998679914678945349878999854321239
943478998765679896789659943499878978999099965210349986753235978991239896598895789430234989998753210149
954569879976892999892547894987989989999199899921298765432134567892398775456789894321459999989894323459
965678967987921098921235699876799999988987678892349978543245979943997654346899965652367899876985444569
978989456898999987630124589765979899877843456789499989854349892199876543234568998543456999965976556789
989492397969588999541245678954356789965432345678978898765998789986987654356789987654969789894989668999
999321989653467898672587899321245679876551234589767789879887698765698766468890198879898699793299879579
998939878962345689543458987432457989987662345678945678998754579874219877567999349998766498689123989469
987898767891956898754579996554667996798798456789133489876543469876302988678978959889654329467944594359
976532456789897998767678998675789545689896587991012349998692345985413499989767898768943219878955689109
996541347896789869889799898789892434567997678953123498989989459876765567893456987657892103989966789999
987652456965678953998989799995990123678998989864234987765668999998876879902969879846943312399899898889
999543468973799642197877678934789434799019995974345696534656789999987989219898965937894523989789987679
909765578982989653986564567945698949989195894397656985423245996899298994399767894325995439877679996569
929986789999978979876423478956987698678984789298769873210156895998459965987656789534989598766568975459
998597898998867899987564689987896554567975699999899964323267964986567899876545678949978999655459989689
976439967986545679498989796598976432456989799899949875436898953298689999987656789498767789642348998799
954323456975434589579999895459987321245699989679431989645999432109790989698768991298754679964467899899
985845579876545697678999931239898410349799876545999799896799853419891978549879890396543467896778998999
976756789987656998989889320349764321498989988632789543939898768326989865432989689987659567998989987899
987767894398977899099777942559875432987878999853698932123999897645679974321294567899798999899499876999
998998995249898964298656893568986553986567998764567891056798998956789875210123598913987977789323975699
999879789398789878987545789678987864995458929989689943234567899899894984321544679109876765678919864789
998765689987678989997436798799698979876569012398798955446789998798975995432659989349775674567897653999
977654598765469998986547989894569989987678934469897966656789987687899876543998999497654323459969969899
969843459954378987599959878923999994399789986699956897768899976566679989699897898999866455678957898789
954932349894257896478898768919878993219899987789345789879998765434595499988755697899987866889348997679
943210498754146789369799657899766789101989899893234699989679876523689329876544145799898879990239876569
954939599543234693247678946798645678919878789932123789995456987104568910998432034589769989421259985439
979898989654345689134568935896534567898765679921055678944347893225679921298742123678954599933498794329
989797679965766791023789210987323458986764567892134589432267987634567892987656734567893459896597653109
998656568896778892934678921296412378995453456989245678990129996545678993498766545978912999789789878219
986543456798989999896799534984323567893212345678976989789298987656789989569878756989109875678993989329
975432345789298988789897699765445789965323568789987895679987698887899878978989867893212974789212395439
954321434569196576678998989897576899876534799890198934789878479998987967899499979965483965678901986569
989610123678989434567899876987687899989545689989299895698764354459896546789298989876579876789542399679
976421234569764323678932975698998987697656794569986789789873213346789657998987695987679989998763498799
988432345689653212458921954799019898598878943678995689897654101234578968937996543298789998999874569899
997545456789764324967899895678998765439989995789654679998769232455699879326799542129898987899985678949
998987587898765457898976789989679898623699986797543456999898743569988989215698961023987676789999789439
999987678949886568969355695494598989734568997896432349879987654598767899324997892139886545899898994329
987899789432997679654234789212987678955699649965321469867998785987659998939876899298765426798787989219
996899896521298789873145678909898567896789539878442998759899896797546667899865678989863212997676878999
9656789754101298979620567999997654567999965459876598765467899879867324567896543895789541098795457677899
944899954321234976543178957987654324598987676798767987635678998995421345898753123466899299965431345679
932357895432356987854569543498767212487898787899898998746989999987532346965432012345678989876542356789
921246789653467898967878932129872101876789898921989429767899987698765459876544153456989767989665478999
910145898784568939878999543012973212345898999999778939888949874569986689987656234669897654299878589439
921235789895699023989789752129765424757897899987567891999539865689898896798767345698799543123989696529
932345678976989434698698653239876435678986999995478943499921976896799955669876556987678932024598789439
943459789989978995987569987645987646789875698987699769989899997965987543244998789998599943123789899659
956568995698669689654312798796899857899984987698789898768657789654698432123479898989489754594599998769
967879324997543578965424569987896998998863298569899997659545678943459543534567987978379886789698789979
978989539876432399197575678998975439987654987458998866442126789012349697546689976551268987899988689989
989996549965441289298989789349986313498778996357897654321037892123498989756789865432356798929876578999
999989698754310179999399893256987523569899985234898766432148974235987878969996976553567999210985459899
999979789966521267891298932167997634678998964126789997656259965459876765698965987665878989439854328779
998868994298632456793997891099998789789987653245697698894367896798765434567894398986989878998743214669
987656789109643768999876989987849899895499954456789459965478997989654323876964299997895567897664403559
976545698998754879998965878995434943999299876787994349876679349779943212345979989989954456789543212349
965434567899895689987854769989323592398989989898932236997889998667894101657898969876543244797655354459
954325678999876789976653657678994989987679996999321045679999876547894212568997656989852123569867875689
943212567899997898865432144567989979876567895695432134697654987656789333459987541098763235678978986799
954343456789989987654321023499878567985459934989949995789543298789896546589876532129874348789989299899
965656567995678998765452144989865349876567895977898789898659129894987687678998643245985467899899399999
976767689234569999877567259879954238989678969866787679939998949942399898789989754359876598967657989899
987878797345678989989989998767895457899899549654834589129877898921297969897878967458987899754544476789
998989896567899878899999874948996567891958997543123799098765567890976456925469998567898976543223345899
989693987979965459788999763236789679910247898761065678999854345679987321012356789698979988543101234599
976542498999753234567899852145678989421956789982178799998765245679865442123469899899767999659242656789
986521359879768965689999531079989297699898999993569899987652134569876564345878964924556789998956967999
995432998769899876896598643157893198988789898764679999898743013456997865479989543212345899876899898929
976549876646989987965498743234989019976598789875789977797654324567899878568999674323556789965786789219
999657995435678999878569754345678929875436568989899865698767536978975987679778986456987899754575689109
998998986323567921989778965656789698765323456899959874329878847899664498789567898768998997643254578919
966789976534589992999899798767993498654313346789532943210987657896543239893459999889679989552123457899
945992989645789989889989689878912349862101236899644987531298778976543129932347899996549877421012346999
939891297656799976679878999989101298764332345898765698765349889989732098943656789198698765432323487899
928789398767998965435669998793212369976453456799878939976999995299946987654897992019789976543434698929
934678999879867894323556987654323456989874567892989323989889654109899898765698954123999897654995989219
956799799998956789212345699895434567899989878910196435998778963298798799996789765239898789799889879329
967895689877845699901466789986565678999698989899987549887568994997647689987898979498767679898776568939
998934999765434789892367892397678989987567898788998698766457989876534567998987894987654567997653467899
969129876654212998793456789498799899765456987657899798654346878984325678959656893987543456789742356999
954398765432109877699678999999895678954319875436954919843234569899434589543978999996652656678951276789
965459976545219764588999109899964689865323986545993923956646779798945689659899598765431234567890245689
976667987664398943467789298789873478977474987656789899877758998667897899998789439976510165678921234569
987898998765987892345678989698764567988565698767897789989867987549898999897669598987643234567892367689
998989999876976551398799876559878989499878999878945669899879865434789998767458987598774678978973456799
989679987997987430167910989434989299567989998989134556789998765423599987656367895429765789499854987899
976498765498997521458929876323495478978994987691012345892129876567678994433234989319879895398765698939
984329876329998632367898765456789567899023498542134556789034989878989543210145678901989943219876899129
999999999999999999999999999999999999999999999999999999999999999999999999999999999999999999999999999999